from;to;amount
8331486048556;1195245038608;677827389
9652843154754;9699411997333;654456191
8257654854489;3713020240590;685662503
9839924801517;5617885063016;372093434
3430285857563;8662696465998;707263225
6094874246352;6468031489201;113053074
8175480204873;9210657241112;106403717
3971404414544;7534405072033;294545706
6165553019880;4229976723458;119913300
3363685992102;1215198304637;870955274
6459781572602;1013989622180;967749856
1325650209265;7185190421365;256422844
7954592649094;2305570205712;395628372
3168050458773;9548993711363;394336399
6238161100256;3469979454172;756482584
4468592889270;9659407019509;91617506
4587803811256;8835880181025;324600545
7725454781408;5288134010081;85572440
7070907327694;7430250710185;928908793
2080958419577;8229010606857;775948269
2099939669812;9076433077026;431972668
2215342875430;5876160030146;692722172
6017048045909;2986403257821;832985897
7652614692535;8378465954691;621251075
1540876305572;4403503234438;510663238
6839523363816;5116752370970;609865200
7970135530155;9426289128229;130470617
9610470538604;1116962379698;902173380
3153263284527;9279960119543;462561182
5515615945030;4072369179453;971981877
8518687284436;8685071671513;976045576
6435427610195;3270585567841;68165973
4614457123190;3216563887054;895330609
9749658849858;2366507420045;862476561
8944297669148;9396393352717;228236798
7794500085483;8989813668587;247256271
4924172319611;2539857784312;948210535
6511680179954;5419630372074;454883859
5192894035353;9094281202848;245541036
4678757691015;1105267402124;489788042
3784097756299;2834811237402;643048603
4644514761475;9537379235493;915560992
8416321648424;3455911565440;452541665
4323666741621;6466024089356;704199341
3716745550888;8014447831863;216102905
3837773518596;1784530520232;516623325
7834544638245;5270058778083;591574903
7814829192475;6088907715720;877081926
9991272693405;8812732792005;463597910
6784080794391;9280039552175;425734752
2825657051680;6701728332380;383179517
7887983576705;9445623144648;325590394
6166179387866;1099635228265;834376102
7614176604380;2477378175454;104962156
9510572773071;7382529172804;420621273
1416019025075;9853938278115;948367211
2586094411315;4253309800401;431662908
1540317315634;3951283069143;817334929
4612706901716;1840766981574;943181546
7981679693018;9556965340270;630714579
2452309410199;7073535239716;672167891
7787742711549;4741789968176;980541477
8916357987795;6503940669769;343856449
8744528874190;8007652206328;760404900
9386533989801;8634706558040;807675689
8999562810863;9753729046981;455406456
6170215500206;5439743209719;769468539
4488003450284;6571078184780;942263581
8967849014920;7206767527190;148060357
7793278332253;6281736736135;530034019
2532743220564;4522155407923;551089830
3456050166927;2026054205899;26521111
2568464869274;7155958853532;295200061
4480171051873;5444260842729;439992097
5511271239938;2530267681532;480752541
1199611424922;6603733174812;254854521
4949721946439;7228913844865;340645599
2777470764370;2697579028802;938824023
4285664860509;9947115770667;641890385
8730663366643;8594258176807;272824775
2727889428154;5686485349950;181149772
4691473582123;1044311459653;874116121
7251172889793;4863626615806;156155563
9933667579714;3536712661311;588063469
9415285081386;1095526854727;396468560
7824900845607;3340366389435;460932273
9338544568209;5108245050728;86673425
3831373306667;8883709294123;667576419
2292478665212;5228235323631;239987755
7050036692607;2959014280141;484813893
2813656595445;3024593013811;220575930
7867198329578;1003060916840;763136599
2013021929388;7556520889304;684759834
6580047834626;9993932634299;770036032
8655314086367;3541910526380;143991295
1361304714155;5957733601612;155762965
9667265921740;6250487732580;40869384
3399496521279;7348846651442;542979750
9445898330317;8899120148334;156912690
8987426583375;2115963992611;372026497